time,axial_force,transversal_displacement
0.0000000E+00,-0.6786853E+01,0.0000000E+00
0.1000000E+02,-0.6617219E+02,0.0000000E+00
0.2000000E+02,-0.1321559E+03,0.0000000E+00
0.3000000E+02,-0.1981396E+03,0.0000000E+00
0.4000000E+02,-0.2641233E+03,0.1923000E-02
0.5000000E+02,-0.3301071E+03,0.1923000E-02
0.6000000E+02,-0.3960908E+03,0.1923000E-02
0.7000000E+02,-0.4620745E+03,0.3842000E-02
0.8000000E+02,-0.5280582E+03,0.3842000E-02
0.9000000E+02,-0.5940419E+03,0.5755000E-02
0.1000000E+03,-0.6600256E+03,0.5755000E-02
0.1100000E+03,-0.7260094E+03,0.5755000E-02
0.1200000E+03,-0.7919931E+03,0.5755000E-02
0.1300000E+03,-0.8579768E+03,0.7667000E-02
0.1400000E+03,-0.9239605E+03,0.9590000E-02
0.1500000E+03,-0.9899442E+03,0.9590000E-02
0.1600000E+03,-0.1053789E+04,0.9590000E-02
0.1700000E+03,-0.1122455E+04,0.1151300E-01
0.1800000E+03,-0.1187714E+04,0.1151300E-01
0.1900000E+03,-0.1256203E+04,0.1535100E-01
0.2000000E+03,-0.1317871E+04,0.1343200E-01
0.2100000E+03,-0.1385376E+04,0.1343200E-01
0.2200000E+03,-0.1452687E+04,0.1343200E-01
0.2300000E+03,-0.1519221E+04,0.1343200E-01
0.2400000E+03,-0.1582525E+04,0.1535100E-01
0.2500000E+03,-0.1650069E+04,0.1535100E-01
0.2600000E+03,-0.1715145E+04,0.1677500E-01
0.2700000E+03,-0.1785178E+04,0.1628600E-01
0.2800000E+03,-0.1846928E+04,0.1917600E-01
0.2900000E+03,-0.1911933E+04,0.1917600E-01
0.3000000E+03,-0.1974617E+04,0.1917600E-01
0.3100000E+03,-0.2038484E+04,0.2205800E-01
0.3200000E+03,-0.2099745E+04,0.2301800E-01
0.3300000E+03,-0.2162624E+04,0.2494100E-01
0.3400000E+03,-0.2221128E+04,0.2494100E-01
0.3500000E+03,-0.2278790E+04,0.2494100E-01
0.3600000E+03,-0.2334436E+04,0.2494100E-01
0.3700000E+03,-0.2390777E+04,0.2494100E-01
0.3800000E+03,-0.2440758E+04,0.2494100E-01
0.3900000E+03,-0.2491138E+04,0.2494100E-01
0.4000000E+03,-0.2537856E+04,0.2827900E-01
0.4100000E+03,-0.2572699E+04,0.3021800E-01
0.4200000E+03,-0.2602163E+04,0.3212200E-01
0.4300000E+03,-0.2612589E+04,0.3452700E-01
0.4400000E+03,-0.2610314E+04,0.3645000E-01
0.4500000E+03,-0.2586363E+04,0.3645000E-01
0.4600000E+03,-0.2548407E+04,0.3645000E-01
0.4700000E+03,-0.2503804E+04,0.3741300E-01
0.4800000E+03,-0.2455915E+04,0.3837300E-01
0.4900000E+03,-0.2406721E+04,0.4603600E-01
0.5000000E+03,-0.2377708E+04,0.4603600E-01
0.5100000E+03,-0.2352508E+04,0.4988200E-01
0.5200000E+03,-0.2333004E+04,0.5011200E-01
0.5300000E+03,-0.2317685E+04,0.5754500E-01
0.5400000E+03,-0.2304357E+04,0.5946800E-01
0.5500000E+03,-0.2290295E+04,0.5946800E-01
0.5600000E+03,-0.2285082E+04,0.5946800E-01
0.5700000E+03,-0.2279080E+04,0.5994100E-01
0.5800000E+03,-0.2274356E+04,0.6905400E-01
0.5900000E+03,-0.2270218E+04,0.6905400E-01
0.6000000E+03,-0.2267268E+04,0.6905400E-01
0.6100000E+03,-0.2254398E+04,0.7097700E-01
0.6200000E+03,-0.2255543E+04,0.7097700E-01
0.6300000E+03,-0.2253905E+04,0.7288900E-01
0.6400000E+03,-0.2250231E+04,0.7865100E-01
0.6500000E+03,-0.2244848E+04,0.7865100E-01
0.6600000E+03,-0.2244704E+04,0.8056300E-01
0.6700000E+03,-0.2240647E+04,0.8056300E-01
0.6800000E+03,-0.2236163E+04,0.8271900E-01
0.6900000E+03,-0.2232983E+04,0.8918600E-01
0.7000000E+03,-0.2235745E+04,0.9207200E-01
0.7100000E+03,-0.2230303E+04,0.9207200E-01
0.7200000E+03,-0.2228243E+04,0.9207200E-01
0.7300000E+03,-0.2226307E+04,0.9398400E-01
0.7400000E+03,-0.2223242E+04,0.9975000E-01
0.7500000E+03,-0.2227365E+04,0.9975000E-01
0.7600000E+03,-0.2220274E+04,0.1016620E+00
0.7700000E+03,-0.2218370E+04,0.1016620E+00
0.7800000E+03,-0.2219247E+04,0.1074240E+00
0.7900000E+03,-0.2216595E+04,0.1093360E+00
0.8000000E+03,-0.2214175E+04,0.1093360E+00
0.8100000E+03,-0.2214919E+04,0.1112590E+00
0.8200000E+03,-0.2212140E+04,0.1129430E+00
0.8300000E+03,-0.2210991E+04,0.1162860E+00
0.8400000E+03,-0.2212236E+04,0.1189330E+00
0.8500000E+03,-0.2212107E+04,0.1189330E+00
0.8600000E+03,-0.2208914E+04,0.1208450E+00
0.8700000E+03,-0.2208383E+04,0.1208450E+00
0.8800000E+03,-0.2203301E+04,0.1266070E+00
0.8900000E+03,-0.2208043E+04,0.1285190E+00
0.9000000E+03,-0.2205475E+04,0.1285190E+00
0.9100000E+03,-0.2206991E+04,0.1304420E+00
0.9200000E+03,-0.2202659E+04,0.1304420E+00
0.9300000E+03,-0.2206612E+04,0.1328330E+00
0.9400000E+03,-0.2204365E+04,0.1342660E+00
0.9500000E+03,-0.2206581E+04,0.1419510E+00
0.9600000E+03,-0.2205650E+04,0.1438630E+00
0.9700000E+03,-0.2200501E+04,0.1438630E+00
0.9800000E+03,-0.2202876E+04,0.1438630E+00
0.9900000E+03,-0.2199685E+04,0.1477050E+00
0.1000000E+04,-0.2208389E+04,0.1498670E+00
0.1010000E+04,-0.2202570E+04,0.1534600E+00
0.1020000E+04,-0.2203209E+04,0.1553720E+00
0.1030000E+04,-0.2197986E+04,0.1553720E+00
0.1040000E+04,-0.2200663E+04,0.1553720E+00
0.1050000E+04,-0.2197520E+04,0.1611340E+00
0.1060000E+04,-0.2200544E+04,0.1668810E+00
0.1070000E+04,-0.2203363E+04,0.1668810E+00
0.1080000E+04,-0.2199280E+04,0.1688000E+00
0.1090000E+04,-0.2196094E+04,0.1688000E+00
0.1100000E+04,-0.2195905E+04,0.1688000E+00
0.1110000E+04,-0.2199514E+04,0.1745660E+00
0.1120000E+04,-0.2197741E+04,0.1745660E+00
0.1130000E+04,-0.2199496E+04,0.1783900E+00
0.1140000E+04,-0.2197517E+04,0.1783900E+00
0.1150000E+04,-0.2198848E+04,0.1795910E+00
0.1160000E+04,-0.2205898E+04,0.1807820E+00
0.1170000E+04,-0.2201278E+04,0.1855690E+00
0.1180000E+04,-0.2198752E+04,0.1898990E+00
0.1190000E+04,-0.2201175E+04,0.1898990E+00
0.1200000E+04,-0.2204717E+04,0.1898990E+00
0.1210000E+04,-0.2197776E+04,0.1975840E+00
0.1220000E+04,-0.2199662E+04,0.1975840E+00
0.1230000E+04,-0.2201552E+04,0.2014080E+00
0.1240000E+04,-0.2204492E+04,0.2014080E+00
0.1250000E+04,-0.2206365E+04,0.2014080E+00
0.1260000E+04,-0.2204707E+04,0.2014080E+00
0.1270000E+04,-0.2204760E+04,0.2033200E+00
0.1280000E+04,-0.2202475E+04,0.2129170E+00
0.1290000E+04,-0.2203896E+04,0.2129170E+00
0.1300000E+04,-0.2208629E+04,0.2129170E+00
0.1310000E+04,-0.2204164E+04,0.2129170E+00
0.1320000E+04,-0.2196579E+04,0.2186620E+00
0.1330000E+04,-0.2196993E+04,0.2225030E+00
0.1340000E+04,-0.2204630E+04,0.2244260E+00
0.1350000E+04,-0.2211035E+04,0.2244260E+00
0.1360000E+04,-0.2214743E+04,0.2263380E+00
0.1370000E+04,-0.2210147E+04,0.2263380E+00
0.1380000E+04,-0.2203400E+04,0.2340230E+00
0.1390000E+04,-0.2209004E+04,0.2359350E+00
0.1400000E+04,-0.2219123E+04,0.2359350E+00
0.1410000E+04,-0.2213018E+04,0.2359350E+00
0.1420000E+04,-0.2220423E+04,0.2397920E+00
0.1430000E+04,-0.2217307E+04,0.2436090E+00
0.1440000E+04,-0.2211948E+04,0.2455320E+00
0.1450000E+04,-0.2212846E+04,0.2455320E+00
0.1460000E+04,-0.2213344E+04,0.2493560E+00
0.1470000E+04,-0.2214949E+04,0.2493560E+00
0.1480000E+04,-0.2215109E+04,0.2570410E+00
0.1490000E+04,-0.2215165E+04,0.2570410E+00
0.1500000E+04,-0.2216022E+04,0.2603980E+00
0.1510000E+04,-0.2215447E+04,0.2589530E+00
0.1520000E+04,-0.2215964E+04,0.2647040E+00
0.1530000E+04,-0.2217580E+04,0.2647040E+00
0.1540000E+04,-0.2217336E+04,0.2647040E+00
0.1550000E+04,-0.2218049E+04,0.2685500E+00
0.1560000E+04,-0.2219013E+04,0.2723740E+00
0.1570000E+04,-0.2226028E+04,0.2723740E+00
0.1580000E+04,-0.2226306E+04,0.2800590E+00
0.1590000E+04,-0.2225789E+04,0.2800590E+00
0.1600000E+04,-0.2222191E+04,0.2800590E+00
0.1610000E+04,-0.2225870E+04,0.2824620E+00
0.1620000E+04,-0.2235690E+04,0.2858020E+00
0.1630000E+04,-0.2239671E+04,0.2889350E+00
0.1640000E+04,-0.2229925E+04,0.2896670E+00
0.1650000E+04,-0.2228256E+04,0.2915680E+00
0.1660000E+04,-0.2231471E+04,0.2973110E+00
0.1670000E+04,-0.2233154E+04,0.2992310E+00
0.1680000E+04,-0.2234622E+04,0.3030770E+00
0.1690000E+04,-0.2235809E+04,0.3030770E+00
0.1700000E+04,-0.2239460E+04,0.3035400E+00
0.1710000E+04,-0.2242099E+04,0.3054820E+00
0.1720000E+04,-0.2242786E+04,0.3088200E+00
0.1730000E+04,-0.2245601E+04,0.3088200E+00
0.1740000E+04,-0.2239627E+04,0.3126420E+00
0.1750000E+04,-0.2239102E+04,0.3184250E+00
0.1760000E+04,-0.2244958E+04,0.3222490E+00
0.1770000E+04,-0.2248335E+04,0.3222490E+00
0.1780000E+04,-0.2247195E+04,0.3222490E+00
0.1790000E+04,-0.2247115E+04,0.3241720E+00
0.1800000E+04,-0.2248934E+04,0.3241720E+00
0.1810000E+04,-0.2249821E+04,0.3241720E+00
0.1820000E+04,-0.2258777E+04,0.3318570E+00
0.1830000E+04,-0.2256359E+04,0.3356810E+00
0.1840000E+04,-0.2257503E+04,0.3356810E+00
0.1850000E+04,-0.2260387E+04,0.3414430E+00
0.1860000E+04,-0.2254705E+04,0.3433550E+00
0.1870000E+04,-0.2259935E+04,0.3433550E+00
0.1880000E+04,-0.2257234E+04,0.3452670E+00
0.1890000E+04,-0.2258166E+04,0.3491090E+00
0.1900000E+04,-0.2261534E+04,0.3507740E+00
0.1910000E+04,-0.2265298E+04,0.3510290E+00
0.1920000E+04,-0.2265639E+04,0.3548750E+00
0.1930000E+04,-0.2266229E+04,0.3586990E+00
0.1940000E+04,-0.2265403E+04,0.3586990E+00
0.1950000E+04,-0.2265224E+04,0.3663840E+00
0.1960000E+04,-0.2262480E+04,0.3702080E+00
0.1970000E+04,-0.2266719E+04,0.3702080E+00
0.1980000E+04,-0.2268031E+04,0.3702080E+00
0.1990000E+04,-0.2275159E+04,0.3721270E+00
0.2000000E+04,-0.2273732E+04,0.3735820E+00
0.2010000E+04,-0.2270241E+04,0.3740390E+00
0.2020000E+04,-0.2272004E+04,0.3817170E+00
0.2030000E+04,-0.2271346E+04,0.3817170E+00
0.2040000E+04,-0.2274904E+04,0.3817170E+00
0.2050000E+04,-0.2271652E+04,0.3874820E+00
0.2060000E+04,-0.2280988E+04,0.3913070E+00
0.2070000E+04,-0.2281031E+04,0.3932260E+00
0.2080000E+04,-0.2281313E+04,0.3951450E+00
0.2090000E+04,-0.2274862E+04,0.3970570E+00
0.2100000E+04,-0.2278652E+04,0.3970570E+00
0.2110000E+04,-0.2276741E+04,0.3970570E+00
0.2120000E+04,-0.2286937E+04,0.4047420E+00
0.2130000E+04,-0.2284469E+04,0.4066540E+00
0.2140000E+04,-0.2286595E+04,0.4066540E+00
0.2150000E+04,-0.2293468E+04,0.4105530E+00
0.2160000E+04,-0.2297059E+04,0.4143250E+00
0.2170000E+04,-0.2294066E+04,0.4162440E+00
0.2180000E+04,-0.2298335E+04,0.4162440E+00
0.2190000E+04,-0.2296375E+04,0.4219990E+00
0.2200000E+04,-0.2298671E+04,0.4219990E+00
0.2210000E+04,-0.2300542E+04,0.4219990E+00
0.2220000E+04,-0.2304247E+04,0.4277600E+00
0.2230000E+04,-0.2306452E+04,0.4315840E+00
0.2240000E+04,-0.2303815E+04,0.4315840E+00
0.2250000E+04,-0.2301732E+04,0.4315840E+00
0.2260000E+04,-0.2307505E+04,0.4373500E+00
0.2270000E+04,-0.2310833E+04,0.4392620E+00
0.2280000E+04,-0.2311474E+04,0.4392620E+00
0.2290000E+04,-0.2311804E+04,0.4450170E+00
0.2300000E+04,-0.2311139E+04,0.4450170E+00
0.2310000E+04,-0.2313927E+04,0.4469360E+00
0.2320000E+04,-0.2316908E+04,0.4507780E+00
0.2330000E+04,-0.2319857E+04,0.4546020E+00
0.2340000E+04,-0.2324764E+04,0.4546020E+00
0.2350000E+04,-0.2324749E+04,0.4546020E+00
0.2360000E+04,-0.2325371E+04,0.4641880E+00
0.2370000E+04,-0.2327377E+04,0.4661120E+00
0.2380000E+04,-0.2327407E+04,0.4661120E+00
0.2390000E+04,-0.2328334E+04,0.4699540E+00
0.2400000E+04,-0.2329564E+04,0.4699540E+00
0.2410000E+04,-0.2331533E+04,0.4699540E+00
0.2420000E+04,-0.2335562E+04,0.4757200E+00
0.2430000E+04,-0.2334856E+04,0.4795440E+00
0.2440000E+04,-0.2339697E+04,0.4795440E+00
0.2450000E+04,-0.2340575E+04,0.4795440E+00
0.2460000E+04,-0.2344331E+04,0.4872060E+00
0.2470000E+04,-0.2339212E+04,0.4891300E+00
0.2480000E+04,-0.2343556E+04,0.4910530E+00
0.2490000E+04,-0.2346407E+04,0.4929720E+00
0.2500000E+04,-0.2348055E+04,0.4929720E+00
0.2510000E+04,-0.2350011E+04,0.4957810E+00
0.2520000E+04,-0.2353840E+04,0.5011750E+00
0.2530000E+04,-0.2351388E+04,0.5044810E+00
0.2540000E+04,-0.2353032E+04,0.5044810E+00
0.2550000E+04,-0.2358453E+04,0.5044810E+00
0.2560000E+04,-0.2359515E+04,0.5118810E+00
0.2570000E+04,-0.2364180E+04,0.5121480E+00
0.2580000E+04,-0.2366150E+04,0.5140670E+00
0.2590000E+04,-0.2369182E+04,0.5173930E+00
0.2600000E+04,-0.2378335E+04,0.5198210E+00
0.2610000E+04,-0.2374579E+04,0.5217340E+00
0.2620000E+04,-0.2375988E+04,0.5233850E+00
0.2630000E+04,-0.2377461E+04,0.5274990E+00
0.2640000E+04,-0.2377114E+04,0.5279450E+00
0.2650000E+04,-0.2378462E+04,0.5313230E+00
0.2660000E+04,-0.2382893E+04,0.5390080E+00
0.2670000E+04,-0.2388665E+04,0.5390080E+00
0.2680000E+04,-0.2389551E+04,0.5390080E+00
0.2690000E+04,-0.2396313E+04,0.5428320E+00
0.2700000E+04,-0.2397034E+04,0.5447520E+00
0.2710000E+04,-0.2397668E+04,0.5495140E+00
0.2720000E+04,-0.2399089E+04,0.5505170E+00
0.2730000E+04,-0.2400206E+04,0.5543410E+00
0.2740000E+04,-0.2403973E+04,0.5562640E+00
0.2750000E+04,-0.2402783E+04,0.5571830E+00
0.2760000E+04,-0.2405138E+04,0.5639380E+00
0.2770000E+04,-0.2408956E+04,0.5639380E+00
0.2780000E+04,-0.2411245E+04,0.5639380E+00
0.2790000E+04,-0.2414451E+04,0.5716120E+00
0.2800000E+04,-0.2412188E+04,0.5716120E+00
0.2810000E+04,-0.2416467E+04,0.5716120E+00
0.2820000E+04,-0.2423708E+04,0.5716120E+00
0.2830000E+04,-0.2422045E+04,0.5831210E+00
0.2840000E+04,-0.2427420E+04,0.5831210E+00
0.2850000E+04,-0.2426213E+04,0.5831210E+00
0.2860000E+04,-0.2427372E+04,0.5888790E+00
0.2870000E+04,-0.2432074E+04,0.5888790E+00
0.2880000E+04,-0.2435088E+04,0.5888790E+00
0.2890000E+04,-0.2433155E+04,0.5960280E+00
0.2900000E+04,-0.2437661E+04,0.5983850E+00
0.2910000E+04,-0.2444956E+04,0.5994720E+00
0.2920000E+04,-0.2442942E+04,0.6023000E+00
0.2930000E+04,-0.2445881E+04,0.6042200E+00
0.2940000E+04,-0.2448879E+04,0.6061390E+00
0.2950000E+04,-0.2446548E+04,0.6061390E+00
0.2960000E+04,-0.2454691E+04,0.6138170E+00
0.2970000E+04,-0.2454691E+04,0.6138170E+00
0.2980000E+04,-0.2454691E+04,0.6138170E+00
0.2990000E+04,-0.2454691E+04,0.6138170E+00
0.3000000E+04,-0.2454691E+04,0.6138170E+00
